027622876693
076690606035
053448196504
101391556944
362930756684
052077956863
057872936905
076261026303
768336587498
118747126707
743937236005
035730061082
047713486696
065309896094
063018926903
070168336822
098002066208
110572726206
087275776516
140101286825
087364066784
061200186546
082875606673
097244796254
074401966435
068127476025
075706476024
264217806443
099832598855
620698886495
785814606828
861552536686
028319546062
002482766545
038295946906
041750076957
263383098673
044637206486
040878086025
057002426995
056333446002
046441606013
057865556073
069790916628
063135866891
067498356431
077514856394
068281926304
079170166258
015679766621
079740084235
087103666522
085386226504
095161146103
110579246362
107415766435
109924236353
116259806981
118256786002
116397246055
073275126836
118773636302
092508666587
116101466705
142150376037
107607216028
075472815322
143771866395
105911676621
117581266807
O32783935037
020707366016
037502736003
353428848371
082655556016
080571946698
079776396105
118487936263
772262087685
176156236348
821384356876
762921266688
009501776363
903996256157
035049436378
032399376114
039220846641
015789316225
094849446805
111506426613
126506226955
577783026916
995568046688
047060066786
001298996745
037319456062
001452945954
056735336241
090746066608
104285586235
111858696466
076082916051
000081956506
036246976152
056217788477
547472956152
787880996875
023794866461
928946746006
042213516088
824579216003
084337606611
068745046221
840159936915
030832916397
008763346435
060032466427
080435896665
123295967746
030893076268
041503956835
010348856184
050844476425
075220916754
595093416492
046556286854
008985765805
408849966204
060060926684
889442716158
834104066201
040667306394
035872176883
036778166295
056907156976
012368336003
075032006005
089045016102
070140926693
099876586445
105276256554
085718686897
072827806501
013159176295
075160906467
356793106786
600609486046
045367226454
088851536747
027626835785
066460026301
078999846701
042939016554
058525556302
052684226185
043637854035
071079076703
074934126267
081787606571
457840866342
752673656531
101377648806
097943856031
089249046206
133004846695
607585546723
989113176918
997053036498
726874016684
200563488352
199790616341
101317906416
042370026085
000126986017
035082636652
585502836495
007347266272
006533767076
879748196341
113772118946
105324437131
148641358786
067405036308
127046626735
115377056365
185524391158
068802606087
076854646088
072031496841
012990556994
131480217895
051961616271
049278595331
098177396608
299154736721
657683296681
039166736026
049783856794
042381626848
076624866645
055227486057
108171106073
756872836681
035189206005
038382196783
988871065682
094839036027
115712756818
101453866198
119225466075
101088566904
127905076431
400100508505
111878976803
776582216002
039250256935
071114436243
081001766045
128312036433
021853026986
144027416963
083400356223
761029986347
053323366675
058858536065
397516606107
044733566985
004780456468
832346326346
040320316303
97990809096723
121852266656
030923116715
058104066025
015314816048
078452256145
076545856085
054097746204
072484686735
109327356902
097120356386
112213736252
122324046094
126499866036
069325303762
073965225792
022341036574
082461456906
116868566446
133126956355
038771116378
902224316876
125952016116
132654486141
133204366604
904925106447
088697916103
420359296878
073128356277
100678626083
073149186601
054107396635
044583343286
152139706647
050329308305
223675865004
835405986345
701912471208
654295596877
081134386371
785925346152
100828286368
040102856993
099397798796
119692256027
079394116408
069468576311
083527946474
506645496918
774508416495
011436638108
943314137722
420521736684
360133076878
818988006342
838072096202
035786646005
034770766132
013735476265
611308266001
300572428011
018365436628
935913655723
043770196431
080300769566
108832956014
106551056036
058064436711
005119036265
1255355526553
675091774724
077098476256
071195396124
250951438525
015251925407
074225426754
114117396395
097972336184
041719835334
095448696035
123179466607
758375956006
036413636753
090580076185
036199046428
052437126125
115272228028
153682906402
099387516523
008861915053
043199556763
017494175703
085734816765
061294457332
087849646777
095403486414
111733106733
094597476045
069840226061
080667516054
919354076005
106313716055
597045786874
0162 1040 870 105
398294136915
667093506494
029660136568
527807916917
925525957151
049472266505
986294253348
084320476191
103064356325
125670406765
127162306414
126577136705
138104406987
145436226006
117821946145
731921986728
317085286877
541761316913
744010846915
876728476001
000565697005
037463826882
020808414243
315713526005
167566065498
028738066134
027403656835
055567136425
820380826345
139268178281
032934356456
056990256852
050446096095
109629236053
145619617041
110378686503
128074686675
120049676093
033467626616
607590116724
023933296253
109777526741
268218856726
247936046687
525172415205
027300126487
062541726747
074004645403
137501756085
006074346307
078498436062
106657136813
575656006871
834119506252
360166326002
013810776921
013338136604
216694906108
078901996513
108497256583
087348686238
081702536756
114840176843
096239926455
075556826566
087568226001
131647076816
085453656672
072991006732
127194296866
703279251086
680966076346
041001876705
060821556295
015739366697
090690266512
047466446595
057594526576
129698986082
105210236028
129684646635
497349706154
137716516706
132973266973
133159326383
084866996735
086170186077
120154916788
074108576338
080881706055
097198416643
075197696231
119915416436
923882216685
035011506017
058740366797
070837626607
088779586267
090262526847
108930716092
094486616657
141855066352
015388796627
105031506573
091639196563
114841586603
091747136987
048818526201
014124616265
115577496555
127253676978
047675816568
132996336948
122089286604
037591533801
003728723015
460183198964
140775856002
020487253768
080296146084
103973766853
054387286661
115983996405
792163666725
086753026062
101223356195
056628945822
131396166356
061387316545
082189566465
029724931251
102952556094
104260646318
103480356591
131639756407
087683306775
720105926202
000127376076
036519826963
030483716484
035520226353
046471056107
063669276002
071128386906
072319666405
065143626568
080087246095
089572926168
047017495164
097177166922
103864556514
095319076501
109070526302
122347066022
140290176308
107233936643
036757656283
035872106757
108328656053
128040366775
127619136711
125651096367
778755326043
042552336591
426542758843
118475726775
112807166578
995308566876
096176866515
012885686654
095541846111
057164305113
115150896904
126976166835
125097676667
104802976061
140898136037
103161236093
133824576792
087374976694
110574416784
123790836141
023637076641
029353351207
112456516763
132653416588
132954686563
115840086106
357779236151
096650226442
001291584865
083642806434
097463386095
119533206867
122274096657
134386516611
123267606384
100830796376
124438827245
080851676032
070852096071
111569286055
065611846614
115606916545
136130096505
074431806835
087263866906
113334906405
137214036066
085935796125
130406116742
020213146776
987933736008
702521146044
737949966153
908579846912
903457466005
027477016462
062469386476
004297215958
036280766331
042218066135
059144016405
062560416403
059100396108
064663846765
061113556604
042926105501
068782086377
093799376012
058888386753
079932436105
097142546985
071442426953
093052936706
015671316033
079973566305
091135946056
088199186414
096191546305
098789436665
100934416145
101426896615
090150426245
108875296901
045438683405
088297336367
101207306857
123001146318
100612816624
101017976485
103095376733
106819856743
092435106303
107544356368
117230296023
107399766995
119131996223
112997836271
121512796003
107722466458
059683265653
114317206077
086691506035
120467346296
125320146361
129996256427
066809406055
076013976888
126247696842
126461256745
129429936002
127208476072
116732986483
130014026794
136499746065
859812105322
063882693467
137010596752
126043536955
129450446092
132464476165
023254196574
122792156081
132963866295
133597436958
120811846308
073897776486
122245956622
142498316981
115891766004
019857416956
098602926208
128669336563
127188976511
145702566355
145497916082
115839906586
132771486886
022858046361
128605876758
148057396575
129430066025
098005326923
018378206272
121783926791
035876076308
074305976028
518919806538
096398096322
083196916852
105398946645
089148026986
015652396524
069926316676
102947876743
008356586865
061440766463
090633546901
122749636225
105953406108
135049356265
037811576605
076441726615
090433046036
027944236065
063895566161
115417186828
115624856607
122874466132
128576806005
087217766102
087536936711
109226666605
087397486772
118681936755
103157746731
017446226395
073574496377
082841866753
034433906848
041664956406
000355021513
119081176645
103195036233
016110696021
046217756422
072951076067
038813086523
114891446335
091653466968
700649706047
016240146908
096967626527
084876496023
077752876244
075560966294
666010616205
081176216576
041439826252
128130586375
037860026575
047850306742
111592986022
109050586826
111724856903
105440836018
116889286422
105742096466
075703806901
046643856768
115655626072
072838006462
115624866325
089087146933
014776246435
117199326971
110433516631
061066106065
571527646205
022672796308
273566508947
086787946745
126179316174
118901526925
107569916927
697790236156
1252500056437
048068276302
059084156421
052621406617
109778096177
105400616461
383982288228
749610806593
124444236401
003981123966
046891496078
061551066301
886801426208
026155166395
008405666543
014998636085
077203826098
108750406676
110731306651
117836956095
133060676013
032548116408
298256956687
082287856907
039114586065
038309616266
119145716817
103677026572
076048216008
090746116645
091725626338
601953806061
506136346915
026673656406
378494766205
002869976906
035463976572
043480156945
052677316257
899455905105
000177036547
706402383006
081933696376
068709346571
034446833082
086265326607
036755293045
113759136623
146339896427
018656856822
129358446028
062461461121
018609106026
104536156946
133126486372
673267736538
916137526873
051512496658
123456789210
123456787512
123456789102
123454444444
123456789512
123456789512
123456789512
122222222222
122222222222
123456789102
123456789142
123456789142
123456789245
123456825641
123456825641
123456789102
123456789111
123456789111
123456789111
123456789111
123456789111
123456785415
151515151515
125415118484
125415118484
151518418188
151518418188
151518418188
151518418178
151518418178
151518418190
151518418178
784811818181
281818411818
511711181448
798787877878
123456778448
123456778448
123484848484
123488484848
123848484848
123848484848
15154151
15154151
15151515
15151515
15115151
51848484
51184818
12345678
12345678
12345677
12345676
12345676
